8.06704277802e-05
0.00380639661163
0.0186094376113
0.472459305359
0.00943401926516
0.169065641497
6.80331883564e-06
1.01350808839e-06
0.002157774619
5.07411452955e-05
0.00781197572064
0.000103656112534
0.236109002736
3.25424396266e-05
0.0193237560895
0.0163995727133
2.4901697651e-06
0.0361461907693
0.00474159364907
1.21961079267e-07
0.00915113021628
0.0533810938936
0.406593689966
0.113296258794
0.289876827366
2.22916341125e-08
0.517034523988
0.000301500671895
0.00170619449054
0.208984830575
0.352182762783
0.43330893681
0.436580858108
0.534415719217
3.57592140836e-05
0.0996500167921
0.0033493261531
0.0301319513346
0.00021132066881
0.0458532254938
7.33990316528e-06
6.25814718542e-08
0.387280862232
0.000283201212008
0.359018531401
