10
n4 13
n2 3
n6 11
n7 10
n9 8
n10 7
n11 6
n12 5
n13 4
n14 3
4: 
2: 
6: 4 
7: 6 4 
9: 7 6 4 
10: 9 7 6 4 
11: 10 9 7 6 4 
12: 11 10 9 7 6 4 
13: 12 11 10 9 7 6 4 
14: 13 12 11 10 9 7 6 4 
2 4	0.0401982
6 4	0.0184579
6 2	0.0401982
7 4	0.000330016
7 2	0.0401982
7 6	0.396206
9 4	1.82942e-06
9 2	0.0401982
9 6	0.000904502
9 7	0.033445
10 4	1.00313e-06
10 2	0.0401982
10 6	4.71851e-05
10 7	0.000904502
10 9	0.425064
11 4	1.40808e-06
11 2	0.0401982
11 6	2.24115e-05
11 7	0.000178796
11 9	0.033445
11 10	0.435636
12 4	1.1402e-05
12 2	0.0401982
12 6	4.71851e-05
12 7	0.000178796
12 9	0.00571176
12 10	0.0401982
12 11	0.453463
13 4	0.000228336
13 2	0.0401982
13 6	0.00038871
13 7	0.000731495
13 9	0.00479868
13 10	0.0167399
13 11	0.0632145
13 12	0.483197
14 4	0.00837331
14 2	0.0401982
14 6	0.00901515
14 7	0.0106686
14 9	0.0184579
14 10	0.0307492
14 11	0.0439616
14 12	0.130727
14 13	0.534416
