 0.55370819 -1.45963199 -1.29458514 -1.50967395  1.5718749  -0.97569619
  0.48069879  0.62561431  0.72235302  0.91032644  0.05246747 -1.40012427
 -0.16433982 -0.66941826  0.7119793   0.85532108  0.17646338  1.06908626
  0.50656613  0.71353775  0.67155515  1.04882294 -0.0372075   0.05570334
  1.92079461  1.07181389  0.85764859  0.67823687 -1.183241   -0.92893226
 -0.23454881 -0.98131382  1.27851915  1.11901714  1.0634903   1.06492491
  1.31277505  0.69476873  1.71762013  0.3781742  -0.53405882  0.20904726
  0.84541488  1.43648613  0.75951842  1.04500852  1.79438748 -0.39867584
  0.65851746 -0.38915602  1.59649522  0.13423109 -0.89810508 -0.0311135
  1.15738609 -0.41733141 -0.41140882 -0.2260332   0.30309918 -1.95794881
 -0.13822956  0.50268816  0.20258754 -0.1401213   0.66745914 -0.92403307
 -0.48773636 -1.27101517 -1.49835286  0.70897582 -0.78394437 -0.86683535
  1.07623206  1.05817156 -0.62177771 -1.18039459  0.13532671  1.16284871
  1.60023207  1.29464007  1.68375792  0.90026741 -0.37879649  0.26897759
  1.77127893  0.83742492  0.82232777 -1.14952487  0.27166704  0.4303272
  0.14279523  1.57890145  2.12012103  0.07834609  1.59221596 -0.7830704
  0.0750609  -0.31484644 -0.88690565 -0.48516309  1.07634288 -0.11679623
 -1.16002762 -1.20915287 -0.71137015 -0.1333209   0.11296994  0.44120979
 -1.50026454 -0.02439902 -0.91295945 -0.84460798  1.80072689  0.18803697
  0.98440449 -0.22821563  1.38103608 -0.33281018 -0.02808938 -1.2306943
 -1.91503644  1.35933547 -0.16182556 -0.50913803 -1.01741299  1.58967353
  0.80634784 -0.15212972 -1.18554326  1.92318443 -0.5910569  -0.79797418
 -0.05285213 -0.240757   -1.33702889  1.07942688 -0.96565189  0.07336931
  0.89509813  0.7785005   0.05896513  0.47875842 -0.75568048  0.12546495
 -0.56198648  0.38376073 -0.52744678 -0.49458865  0.11243997  0.97643228
 -0.21064453 -0.63951266 -1.04948665  0.13557696  0.22472523 -0.27099388
  1.42582429  0.48495427 -1.9795022   0.15560871  0.59837963 -0.22891982
  0.70131358  1.81610775 -0.62526073 -0.24273331 -1.62223641 -0.35303074
 -1.21120583 -0.07539555  0.43569808  0.53631514  0.12348261 -1.20199688
 -0.89964005  0.44774145  1.4796158  -0.5283507   0.27045353 -1.1452374
 -1.68023583 -0.20734022 -1.02863075 -0.10331094 -0.19644093  0.24876309
  1.13773053 -0.72354624  0.98673346 -0.1196089   0.25852204  0.10870536
 -0.16956241  1.89354804 -1.83353984  0.01859771 -0.51583188  0.95983884
 -0.07781539  1.85318336

  1.39193783e+00   2.55811190e+00  -8.90152195e-01   3.04987382e-01
  -5.27856065e-01  -3.29074673e-01  -2.07137001e+00  -1.53305980e+00
  -1.41762079e+00  -6.15314892e-01  -1.35763169e+00  -2.79469148e-01
  -3.86605242e-01   1.31702121e+00  -9.82354500e-02  -6.50188129e-01
   1.96972149e+00  -1.07432319e+00   1.87310875e+00   2.20089621e+00
  -7.41100441e-01  -1.73298371e+00   9.21152221e-01   1.65502240e-01
  -1.27657184e+00  -2.46969259e+00   2.58117161e+00   4.88413085e-01
   1.02848241e+00  -2.39853617e+00   1.48854510e+00  -2.47577484e-01
   1.96359252e+00  -9.50132042e-01   2.00058982e+00  -3.82095856e-03
   2.05016643e+00  -8.00987215e-01   1.42955850e+00   2.47674767e+00
  -5.19105579e-01   5.29541088e-01   7.36707311e-01  -3.12809810e+00
   1.70496627e-01  -4.99237237e-01  -2.81019066e-02   3.19843081e+00
   2.22582165e-01   4.33907468e+00   1.14161615e-01  -4.62469024e+00
  -9.05922213e-01  -2.93227271e-01   7.33017284e-01   1.43865154e+00
  -1.70186971e+00   2.38593909e+00   1.09313268e+00   1.90362276e+00
   1.51224741e-01   2.71505253e+00   1.26779106e+00   2.28353217e+00
   1.65065720e+00  -5.71098211e-01   1.08165614e+00  -1.52499322e+00
   7.63078874e-01   1.36631246e+00   1.14249607e+00  -1.22695401e-01
   1.06892464e+00  -2.99733807e-03  -2.61052496e-02  -1.99754108e-01
   1.49365684e+00   1.88226379e+00   1.37059922e+00   1.15307952e+00
   1.91579279e+00   1.52616160e+00   1.16365744e+00  -2.14027793e-01
   6.95485654e-01  -2.31101527e+00   5.36904091e-01  -2.21469198e+00
  -8.04855557e-01  -2.25920450e-02   7.89733808e-01   7.81785671e-01
   3.23701701e-01   1.58554960e-02   8.43204292e-01  -4.22449320e-01
   1.50255009e-01  -1.16206796e+00   2.04336128e+00   2.52240321e-01
   1.26683233e+00   1.85379096e+00  -2.02026490e+00   1.41009110e+00
   3.59469891e+00   1.35082704e+00   1.88075517e+00  -7.94641421e-01
  -1.79227949e-01   1.24648398e+00   1.35843282e-02   3.00092593e+00
  -1.13239303e+00   1.36802272e+00  -1.92503295e-01  -3.09658832e+00
   1.01369472e-01   3.85601338e+00   1.22742555e+00   5.90993601e-01
   2.26431177e+00  -5.93763229e-01   3.61578429e+00   2.09014858e+00
  -8.32003028e-01  -9.80867224e-01   1.53038907e+00  -1.69257122e+00
   1.09274561e-01   3.22595023e+00   2.11755880e-01  -1.65798701e+00
   4.41132261e+00  -6.04707490e-01  -3.33893671e-01  -5.20466711e-01
  -6.83094434e-01   2.52158376e+00   2.78902034e-01   1.96311592e+00
   1.37964764e+00   1.54640529e+00   1.52113269e+00  -1.20846620e+00
   3.37031064e-01   1.07158793e+00   8.38899685e-01  -5.54818191e-04
   3.92006395e-01   6.35191415e-01   5.93343088e-01   1.13031883e+00
   3.27419278e-01  -9.66925401e-02   1.19485619e+00  -1.66497917e+00
   9.32590345e-01  -9.68819015e-01   1.64465694e+00   1.75581972e-01
  -2.22237259e-01  -3.69223265e+00   3.07443627e-01   1.12741882e+00
  -1.86596171e+00  -8.35009479e-01  -2.32234422e+00  -7.88906662e-01
  -1.73156056e+00   1.00618986e+00   2.09424448e+00   2.58662753e+00
   6.07047143e-01  -6.99517067e-01  -1.23936830e+00   7.37645714e-01
   9.67099458e-01  -9.83547776e-01   2.70991726e-01   2.76596077e+00
  -1.15921411e+00  -1.32873287e+00   1.98741677e-01  -2.95811778e+00
   5.96531286e-01   7.95937793e-01   1.86540914e+00   1.96125283e+00
  -1.80394908e+00  -1.22819716e-02   2.13585618e+00   1.82750701e+00
  -1.22885316e-01   3.04739526e+00  -7.39550910e-01   2.07233407e+00
   2.10031565e+00   9.07878176e-01   1.05467547e+00   1.11108837e+00
  -8.37283108e-01  -7.43257253e-01  -1.15042891e-01  -2.48129929e+00
   2.90485904e+00  -7.37740122e-01   2.34943858e+00  -1.05608450e+00
   1.11564335e+00   3.07568308e-01   5.08834301e-01  -2.79804143e+00
  -4.85551519e-01   4.31169597e-01  -1.08547015e+00   1.33644805e+00
   2.10840793e+00   3.79152812e+00  -9.11441042e-01  -2.99913688e+00
  -7.51702510e-01  -7.64420646e-01  -2.34737171e+00  -1.46274280e-01
   1.90110890e+00   1.58285032e+00  -1.37270465e+00   1.36468232e+00
   1.87826242e+00   1.41018775e-01  -2.57109951e-01   1.51108639e+00
   2.03755869e+00   3.52869722e+00   1.20470521e+00  -6.99333002e-01
  -2.69850613e-01  -1.04786194e+00   6.78894111e-03  -2.47264379e-01
  -1.64997411e+00   2.76457640e+00   6.44779626e-01   5.64371400e-01
   2.91167226e-01  -1.27365686e+00  -5.53969614e-01   3.28357031e-01
   2.87307731e-01   1.01091759e+00   3.10847907e-02   2.21377487e-01
   4.96291467e-01  -5.16560739e-01  -2.32047710e-01   3.74418489e-01
   1.46114872e+00  -3.70052202e-01   8.82422845e-01   1.85877421e+00
   1.68719925e+00  -1.34121793e+00  -4.22466497e-01  -5.51134338e-01
   2.20189970e+00   2.04546462e+00  -3.09189709e-01  -8.20687891e-01
   2.06741350e+00   2.38806431e+00  -1.76739234e+00  -1.97259739e+00
   1.22104624e+00   1.79220285e+00  -1.22445201e+00  -3.05006031e-01
  -1.08671516e+00   1.26812246e+00   4.60876513e-01   1.03918276e+00
   1.27231820e+00   7.59205373e-01   3.19287251e+00   1.39144535e+00
   2.27955577e+00  -3.62307111e-02   4.12466031e+00   5.68385313e-01
   1.24469886e+00   3.22972655e-01   2.52491215e+00   5.73267755e-01
  -2.37518464e+00   3.60632830e+00   2.84912956e+00   5.92714031e-01
   1.34381696e+00  -4.82477163e-02   7.31573047e-01  -4.19242192e-01

 -1.41718211e-01  -1.45700525e+00   1.55508708e+00   1.54941478e+00
  -1.21757700e+00  -1.66857340e-01   1.06236973e+00  -6.97125829e-01
  -1.10643279e+00   8.12494499e-01   1.44834987e-01  -1.00296677e+00
  -6.99152399e-01  -4.70788800e-01   5.39343615e-01  -1.25381577e+00
   1.39800198e+00   4.59370184e-01  -4.51190744e-02   5.82413866e-01
  -5.85738791e-01   6.11446780e-01  -5.56566197e-01   3.76964122e-01
  -9.02108144e-02   2.76265542e-01   1.69166211e-01  -1.07096625e+00
  -4.96928562e-01  -4.37407316e-01  -5.91726847e-01  -5.60222507e-01
  -4.66386336e-01  -1.43794746e-01  -8.49238851e-01  -3.25518734e-02
  -5.23866001e-01   6.95226582e-01  -1.82124997e+00  -8.74295353e-01
   1.46586762e+00   8.54825382e-01   7.88704945e-01   2.14860456e-01
   1.77603678e+00  -1.16309593e+00  -5.40866805e-01   1.19509383e+00
  -1.25350843e-01   2.51476826e-01  -1.78216372e+00   1.01415422e+00
  -1.64359628e+00   4.80500984e-01  -8.27105364e-01  -7.16903289e-01
   9.50099766e-01   1.96610689e-01   2.06696168e+00   1.51403137e+00
   3.18949418e-01   6.99402793e-01  -7.02012351e-01   1.14365778e+00
   3.26883228e-01  -1.03432189e+00  -6.54480131e-01  -3.09312366e+00
   5.07971089e-01   6.17544202e-01   1.17688432e+00  -4.05282082e-01
   3.63213220e-01  -9.24297062e-01  -5.34779986e-01   2.95466243e-01
   2.04127554e-01   2.44860137e-01   5.63820212e-01   1.31936959e+00
  -1.18495212e+00  -6.73565988e-01   1.19296812e+00  -3.03850990e-01
   2.33408756e+00  -1.33095480e+00   1.54056467e+00  -3.67408929e-01
   5.54822914e-02   9.01368221e-01   5.59047817e-02   5.07575250e-02
   9.01539613e-02  -7.96068384e-01  -1.13907988e+00  -4.68540039e-02
  -5.19592858e-01   1.05621643e+00   1.65186757e+00  -1.87420727e+00
  -1.32310037e+00  -5.81826840e-01   5.65134949e-01   2.74237139e-01
   4.28818949e-01  -1.27230889e+00   2.49978916e-01   4.27438246e-01
   2.46512519e+00  -5.22652031e-01  -6.86891351e-01   8.31747774e-02
  -8.17665632e-01  -8.77501930e-01   1.50166876e+00   8.37525760e-01
  -2.10180645e-01   1.45086931e+00  -1.14110874e+00  -8.78337113e-01
   6.39693768e-01  -8.91573070e-01   1.13424422e+00  -6.33574646e-01
  -1.39363533e+00  -2.05174771e+00  -1.89803548e-01  -6.15648850e-01
   2.15177617e+00   2.48169441e+00   1.11119845e+00   1.34121946e+00
  -4.96255833e-01  -1.34352861e+00  -1.25699906e+00   1.10420480e+00
  -5.79710692e-01   3.72072785e-01   1.97694357e+00  -1.60845638e+00
   1.01935087e+00  -2.11977515e-01  -6.71218430e-02   1.47201880e+00
  -1.10105906e+00  -6.48362948e-01  -3.81664977e-01   5.55227815e-01
  -8.85800325e-01   1.93757347e+00   9.80432264e-01   1.27011530e+00
   4.80119604e-01  -1.35944731e+00  -3.65866494e-01  -4.44868940e-01
   1.57295144e-02  -7.43043522e-04   1.53520473e+00   1.13941906e+00
  -1.54410066e+00  -5.34023666e-01   5.09128446e-01  -4.63334312e-01
   7.29820399e-01  -5.95456669e-01   1.07362330e+00  -1.67056206e+00
   6.69219016e-01   2.21132453e+00   9.53393134e-01  -1.75987475e-01
  -7.93975390e-01   1.99961416e+00   6.91733827e-01  -1.61064948e+00
  -1.24783969e+00   1.48556167e+00   7.77324474e-01   7.88514401e-01
  -1.12536900e+00   1.15017847e-01   5.26768494e-01  -5.04382526e-01
  -5.78210241e-01   7.94381557e-01  -1.79711704e+00   9.63186498e-02
  -1.26173311e+00   8.38270577e-01   1.80866309e+00   1.43128805e+00
   1.96622431e+00  -2.22801975e+00   1.34707769e+00  -8.36182428e-01
   1.39739834e+00  -2.30564766e-01   6.13956662e-01  -1.20668306e-01
  -1.31093809e+00   9.47836654e-01   4.41650736e-01  -1.74091344e+00
   4.96025610e-02   1.17338251e+00  -9.74143647e-03   1.93621831e+00
   8.99950078e-01   2.73714478e+00   2.77424266e-01   5.59897583e-02
  -1.13685288e+00   2.01650554e-01  -1.69097648e+00  -4.50035464e-01
  -1.41282994e+00  -1.20436040e-01  -1.07761205e+00  -1.98364799e-01
   1.70486117e-01   2.80921113e-01   4.20467957e-01  -4.61954708e-01
  -1.89779044e+00   2.93773000e-01  -6.37533045e-01   1.42220756e+00
  -7.73406893e-01   2.55033840e-02  -9.11560589e-01  -1.77953860e+00
  -1.62495633e-01  -1.26950994e+00  -3.55618772e-01   7.00969980e-01
   4.06901022e-02   9.14313023e-01  -2.96768071e-01  -1.79677715e+00
   8.35788449e-01  -1.13952711e+00  -2.04446259e+00   1.85349954e+00
   1.32981709e+00  -2.94974573e-02  -1.02204151e+00  -2.38987091e+00
   1.06292652e+00  -1.65609824e+00   9.46874755e-01   4.69323053e-01
  -3.26157125e-01  -3.92467913e-02   7.79334480e-01   2.73695789e-01
   1.01469668e+00   4.19884424e-02   4.09017067e-01  -2.22949708e+00
   2.51141217e-01  -1.04667268e+00   6.19837250e-01   3.77649990e-02
   8.20347865e-01  -7.21441631e-01   1.50458782e-01   1.04447824e+00
  -6.90526932e-01  -1.32623206e+00  -8.14210754e-01   1.49182075e+00
   5.77366795e-01  -1.13927455e+00   1.66894372e+00   1.00561794e+00
   2.98496883e-01  -1.14950924e+00  -7.19015972e-01  -8.60052144e-01
  -7.79652171e-01   3.41482072e-02   9.14687545e-01  -7.99530918e-01
  -6.25614688e-01   1.84574697e+00  -6.70331997e-01  -8.12848968e-01
  -8.86258186e-01  -1.30630723e-01  -1.43065326e+00  -5.31203225e-01
   9.64869469e-01   6.89486400e-01  -8.17509040e-01   7.27622167e-01
  -2.42610296e-02   2.72411397e-01   1.95473195e+00  -5.20033614e-01

-0.29738665 -1.19902883  0.41482534 -1.17264158  1.16601946 -1.48522423
  0.03959715  0.72382137  0.22544408 -0.04437183 -0.56740863 -2.58111054
  0.77851853 -1.2546355   0.03062344 -0.77577873  0.2999456  -0.5113827
 -1.02840796 -0.90507872  0.13804841  0.27751766  0.68527132 -1.92758222
 -2.83628798  1.07634698  0.93470478  0.97344056  1.07883832 -0.5233846
  0.35900778  0.14955189 -0.98107646  2.78698561 -1.83660258 -0.70309429
 -0.22133248 -0.5730918  -0.92110981 -0.18642633  0.63793904 -0.90545743
  0.0361467   1.52375853 -0.20912905  1.52618302 -0.30779298  1.09128541
 -0.11389425 -2.04139003 -1.92480673  0.74987183 -0.67407785  0.03824315
 -1.78417852  0.24815415 -0.46523105 -0.59160449 -1.77289654 -0.35031549
  0.49078154 -0.35414063 -1.7598895  -0.37338436 -0.89545453  0.74754445
  0.7671406  -0.99480896 -0.14045116  1.36827671 -0.53099429  0.58235887
  0.5332009  -1.37198547 -0.26681079  0.81109012  2.08795639  0.75740724
  0.0682371  -0.22713047  0.60148448  0.36783887 -0.71172633  0.73794175
  1.12377898  0.33056406 -1.13682045  0.33646205  0.13602031  0.34338356
  1.42887645  1.42169829  0.15915727 -0.74949122  3.09742852  0.78817166
 -0.44929038  1.00989153  0.45156251 -0.81178342 -1.43580278 -0.23539067
 -0.37833704  0.1177859   0.38096002  0.01218848 -0.71629469  1.76893315
  0.8590012   0.48891622  0.91350147  1.47010832 -0.23485646  0.26283106
  1.30954848 -2.05429373  0.3755702  -0.92827087  0.59334656 -0.71704092
 -0.12747149  0.35660246  0.45228208 -1.42293452  1.13522972 -1.20929597
 -0.17608522 -0.79246834 -0.8346519   1.2460681  -2.00532221  0.92259448
 -0.33930631 -0.61361842  1.0580772   0.10087228 -0.46218732  1.69808459
 -1.12636666 -0.72582606 -0.77947435 -0.37416711  0.69024362 -0.04667336
 -1.8908553  -0.8911253  -0.14148342  0.80632416  0.18298051  1.01803836
 -1.46711518 -0.83062783 -1.50372048  1.21176599 -0.09926612  0.61008052
  0.37132596  0.36541547 -0.55789651 -1.02212291  1.24800785 -0.6994856
 -0.45982722  0.17967544  0.20382246  1.15054683  1.00183021 -0.78331107
  0.22040947  1.30709195  0.34054333 -0.12776544  0.7477582   0.59143752
 -0.22252121  0.07697411 -1.85097441 -0.63819086 -0.03958961 -0.23211145
  1.42020159  1.89668921  0.37516718  0.92467659  0.12687185  0.43467407
  0.75915113 -0.34085298  2.23852849 -0.54513091 -0.6022741   1.01590096
  0.03755773 -0.38244     1.01412014 -1.05931172  0.50038899  0.00596673
 -0.74609215  0.09450036  0.50131113  1.88754276 -1.09088507 -0.6335349
 -0.07426521  0.03976827 -1.2169928  -0.30350157 -0.07096837  0.92335193
 -1.18182891 -0.69434862 -1.0615814  -1.50072972 -0.20678696  0.47459346
 -1.74230254 -0.60847468 -1.04027637 -0.05719494 -1.67354666 -0.84395734
 -1.47849855  0.1075796   1.01545146  0.00438227 -0.76430345  0.14747308
 -0.71200971  0.13737015 -0.42694851 -0.2411109  -0.26968031  1.50894267
  0.83206842  1.09570951 -1.7675642  -2.03625271 -0.49421825 -0.99095943
  1.51746159 -0.40635101  1.16097584 -1.66540884 -1.40930381 -1.36506881
 -0.08836766 -0.1828978   0.11144685  1.39807428  0.96601726  1.56385018
 -0.77571392 -1.13736615 -1.7728398   0.89524419  0.63810983  1.26265923
 -1.18044104  0.89509838  0.22525193  0.41617077  1.6390527   0.35024782
  0.15933939  0.51778079 -0.06136703  0.13984675  0.97840346  0.21952695
 -0.27809572  0.24198904  0.20069023  0.95593071  0.20038234 -0.96215743
  0.76327853  0.19154382 -0.60278556  0.63283698 -2.09142364  0.14048366
 -2.34032614 -2.53822376 -0.6094881  -0.45073881 -0.72088654  0.28756109
 -1.67465583 -0.49061855 -1.60636139 -0.98206149  0.59009696  0.13328629
  1.29310031  1.12567546 -0.59088281  0.46382738 -1.38983946 -0.01565577
  
Ks_2sampResult(statistic=0.20833333333333337, pvalue=4.6674975515806989e-05)
Ks_2sampResult(statistic=0.10333333333333333, pvalue=0.14498781825751686)
Ks_2sampResult(statistic=0.07999999999999996, pvalue=0.41126949729859719)

with C++
0.206667 5.53218e-05
0.105 0.133142
0.0816666 0.385546
